4423
4017
2062
872
6255
-502
7534
-1264
2819
-12
7321
4505
2306
-1866
5318
5918
6209
-1143
-983
2076
3444
299
3773
553
1527
6762
5711
6071
1193
7914
7403
-1336
-283
1057
6964
6774
1120
403
-1567
7861
-1938
5569
2322
4161
6604
3880
3638
7744
2866
3857
3316
1500
6850
7302
-423
-1256
-82
-764
1302
-1093
1497
3358
-377
-1670
5130
3122
168
639
1850
-1802
-1864
4927
-1785
4639
-1034
4879
-1265
6964
7249
6779
-984
2895
-1724
1568
7399
3606
6423
5971
2430
-1338
3104
1259
1545
7306
3409
6534
5316
-166
234
668
4705
5864
-1026
4216
1943
4052
6372
1564
3023
3962
4652
465
4651
5558
4102
1008
3305
7190
7673
3098
5343
3264
-1372
4284
3278
5391
2966
5255
7241
7478
1947
4032
335
1405
5078
4073
-1757
1359
2838
2001
6830
917
3718
1322
4890
3199
4904
3690
4031
3120
-713
-1382
-1085
-1603
7876
5133
5295
-686
-452
856
5973
2815
1094
6508
4863
-1635
-1253
4718
2332
2033
4983
6850
5350
-1900
388
4808
4988
1882
4011
7928
-277
1507
5691
532
1600
348
4216
17
-1157
399
3875
6319
43
4839
33
459
-1833
5505
-333
5522
-986
4187
5522
28
1967
1801
2573
5152
1313
7428
-1229
6931
1362
6438
5525
-1875
-822
651
1602
3878
-628
6946
7277
6552
7848
-662
-943
5986
5387
4485
4503
-603
5539
2199
-1531
1738
4827
1000
3136
6981
4247
-1277
1872
3389
6601
7107
5906
747
4822
-630
7237
2816
3805
-277
6408
1344
2588
5426
-1679
3648
-1552
839
3760
-1313
4479
2382
4581
2798
-644
-543
1189
7375
4101
-1557
-1177
1404
3939
7593
3236
3266
411
7290
-1761
3241
5790
1847
5316
-1981
4699
4203
2965
-1212
3849
2001
1567
7992
3863
2356
-1017
-1312
4945
6950
5880
902
6348
365
-1069
-696
-1345
306
5089
2226
-304
-537
7462
3735
-1638
3988
-844
6650
1383
1481
-1626
6677
6503
1390
2947
903
1621
2223
6763
4781
2544
3103
6333
-191
-1066
5003
4520
3361
554
368
641
1118
-1164
155
6025
7708
-1171
6285
5951
-221
5041
2173
-1276
7964
-397
630
5537
-1517
4744
2025
3041
4209
7769
4464
1622
7323
5582
-420
7924
3555
6082
3540
3494
4508
5197
2692
6126
1587
943
5226
3848
-486
-188
1341
2349
4106
-812
7770
2542
-618
5580
381
4713
6096
176
4900
2536
-1344
3840
7358
7296
3665
1448
5604
5007
5668
1913
4349
175
7969
4302
2508
7097
2936
2848
4511
7226
5701
2514
1283
5893
5024
6826
6790
6435
7009
6083
-1106
7730
1623
3176
1135
662
1667
-772
7312
4556
4948
5922
2386
2566
1362
-1031
-325
-712
-1432
2506
194
-1393
7618
7438
6712
746
3781
1621
-1255
3339
2144
7001
3542
6778
4422
894
91
7078
6096
7376
6045
3752
5339
675
854
7246
2613
4424
2716
-70
2281
1537
958
380
6204
5137
-453
4443
5260
5921
983
-545
7404
5926
-71
-278
7953
5239
4951
6162
5535
-634
6662
-398
7960
1500
2796
-979
6993
7652
4723
2137
2519
5471
5208
1365
-1437
6986
1754
6150
5523
-179
4291
4910
5376
-238
992
-181
7100
-1528
-1056
577
7230
-693
-360
3678
-1181
7893
5963
6707
-412
-1765
-1374
4018
811
6171
203
7778
7271
4746
477
2748
2868
1743
2078
1730
6468
6223
2516
579
6811
4819
7818
4102
7268
3815
6893
5731
324
75
582
5481
2684
-1553
7942
-1287
7999
1670
705
6485
7536
7664
6512
4811
-545
116
4891
578
3657
4600
6804
-1377
3008
7561
3717
1074
-683
5465
1850
2499
5464
3996
2046
1059
-1388
4732
5200
1318
7551
-607
560
-1823
5792
4594
2677
961
-1884
5251
1152
1122
5085
6427
4604
-1716
7051
4776
7333
6648
1822
5540
7984
342
-1322
4560
65
4308
-1076
-815
4025
1675
1440
4184
1106
-277
263
3638
4525
1996
2222
3765
2951
4605
-177
3029
-1786
1760
-404
5349
5993
3481
-1733
3560
3090
-1397
7366
4512
5852
4206
914
-501
-954
1022
3274
1074
5691
1986
3232
2912
4572
1208
906
-72
112
1635
-1765
5256
7050
2036
2086
6881
3213
2500
1012
-1245
1133
3765
7216
-53
-655
2023
24
7829
4182
4841
3957
-322
-136
2365
5497
6249
4658
3629
7809
1141
1452
947
1352
5016
-347
-888
3050
-679
-1912
2111
6358
335
6067
6685
773
-286
453
3152
1261
-1863
-1051
6182
965
6276
4756
-227
6669
6756
1858
7833
7665
160
3347
2577
2152
-792
54
-654
3217
3563
5053
7514
5142
5713
4956
3217
3306
1233
1487
5737
-1569
6193
808
1883
1703
1023
7001
6187
-1540
1508
5927
147
-403
520
1858
4648
6884
5556
5496
5096
1690
7268
3371
2593
7474
616
6176
893
2691
1665
5828
2513
2755
-951
317
1520
83
-148
3409
2151
-1604
2726
1084
7135
4680
-445
5619
1448
2435
-1850
5113
-1472
2226
4241
2773
1073
3951
4134
2023
5022
-1821
-67
5508
5108
4191
2305
5737
4089
-897
3980
1133
3578
7119
3733
7147
7734
7223
87
2648
-1137
6504
7468
2415
4047
483
7142
30
1858
2466
3984
2331
1482
1238
187
7682
1535
-612
-758
5709
2594
4507
5180
4174
2471
5513
-1544
7688
7701
1371
6851
-170
1075
6934
2551
2805
2455
-245
4926
6334
7047
-1011
7143
6934
862
2206
-521
7246
3516
1657
2357
5678
6344
4393
4594
-165
3197
7159
-270
5245
4008
-584
6183
5151
5746
7514
2577
6018
4789
-1130
6489
-639
4494
6671
-1843
1451
4923
76
1448
7280
4473
622
5984
1023
6832
786
7139
6172
4939
7260
5904
3
7609
4424
588
632
6421
113
6300
-1759
4168
5726
6447
436
-1613
-1641
1476
-31
2828
-78
-1562
5336
-786
1380
5087
6091
7096
-787
-501
1913
6470
-367
5440
-529
7627
5620
2884
3428
7906
157
-1010
6321
3521
7413
5921
7409
1873
4253
7283
-430
-757
5854
3006
2506
-730
7784
-762
2389
3479
2781
3089
3366
3457
5551
2122
7305
1740
-364
811
7225
-1594
3270
1911
2515
5359
285
-1947
4971
5129
3152
-1857
5434
3237
2800
1102
5315
-863
-1701
5033
1940
-106
2557
4962
5968
1407
7601
-583
1042
1881
7926
4107
6641
1980
-1322
494
6606
25
5484
4644
4999
-1683
7412
1474
2732
6026
-186
-1951
6908
-950
4360
610
2673
-136
5102
4405
4631
3607
420
1904
676
6591
7620
2153
5491
2928
2980
424
3060
-1197
2732
2024
1368
-1251
1135
4760
5930
4787
2650
2269
2765
3235
7379
4138
-1384
50
-1516
4687
7069
7816
6486
429
5212
6026
3821
5186
4912
1108
7354
-1340
2262
2460
4159
4019
3584
4092
6159
2493
5507
7323
3315
3181
6496
2306
1323
6104
1852
-179
6806
155
2251
6457
2192
7617
3217
4914
7358
-689
5620
7251
-987
6687
2019
628
633
-300
7399
1203
1659
3898
452
957
789
-1051
-1217
7135
5149
5625
5847
5396
-166
1105
-1317
-194
-1407
2894
4521
6451
7187
-1044
1458
-1063
-1764
7476
4086
-420
-573
7063
7563
166
6485
2371
-260
2505
-1761
4987
-1160
-318
-1995
6858
946
338
-1453
3020
5108
6081
2306
1009
3531
6628
2296
1275
1503
6238
2076
3362
2900
3069
362
1544
3766
2815
4539
-17
7154
1478
925
-1466
3921
240
5348
4750
4500
-1391
-1876
4744
15
6359
-445
5801
-1927
6247
7937
6609
730
5648
2902
5419
92
5378
3629
4722
4903
6523
2734
4391
2901
5450
4003
2825
5878
3054
7993
987
1277
5924
2398
2813
3560
341
181
1993
4558
6763
2020
355
4827
7970
2594
4791
3059
2207
11
6986
-994
1690
1997
2130
3129
5573
4867
-986
-2
3021
303
6585
4956
6218
7746
4808
3423
-1298
5699
7031
1153
7715
5849
6579
-1884
3797
4427
2856
6599
6124
4466
-981
7945
7075
207
1285
-627
930
4259
3363
2738
1840
6531
7897
4139
5393
5041
4801
-1579
4911
4417
-992
6593
2890
6133
1481
1363
1009
7685
4152
7387
-685
1368
4634
5759
-521
6043
7321
2879
1088
4888
3212
905
-1202
-852
2563
14
4693
607
1110
-359
5569
6050
435
1227
3470
3583
-1013
7265
898
4338
1289
6181
6802
-707
2962
-8
-518
-592
-704
4424
3825
6866
2251
1589
6800
5566
-1811
-225
2127
-953
4916
5043
913
1685
5837
7958
-1885
7542
938
2513
1692
1721
4369
903
-1719
2254
1231
4467
6809
5036
7776
4989
3819
3593
6072
948
-1644
2687
1979
1231
3864
5860
4106
1573
7361
8
5296
2564
7374
3281
2519
-1787
3213
5396
1201
1646
6489
-1877
3252
332
2940
7467
2472
-1571
2299
6464
4542
5661
508
7618
1902
3674
4985
1109
5579
-458
245
4277
1136
5518
-104
6023
4205
5834
5902
-709
5946
6784
6156
-1917
4928
5968
-1760
6548
5895
6605
6004
7711
-994
-1500
4306
-1763
2558
2149
322
6168
5649
4967
-46
6894
-271
6835
7479
6492
2931
-292
4636
2049
3060
-327
1413
-746
3195
7000
4649
4969
6870
3621
1879
4720
5085
453
5916
3056
6504
806
2126
1733
-1088
6873
1703
2375
5082
1355
2512
1306
1984
-1253
5596
3185
-215
7878
-1032
-1098
6620
56
7192
2890
2286
3196
1227
695
4964
5411
7815
6756
-116
6515
6184
-856
-772
5618
3059
7939
4401
7213
1720
4313
-1728
1510
7239
1934
-324
6388
1720
3091
621
-665
3385
7142
4115
1267
6118
4270
6615
4530
-1569
2411
5763
7052
5156
6808
-857
-1098
7082
1400
5515
6046
3301
-312
6719
2760
5906
-144
2991
-1120
3754
-905
-94
-325
7957
405
-81
-1821
2536
-533
-136
695
5114
627
-336
-708
1389
2080
3139
-229
6375
3683
7677
4855
-1117
583
952
7818
7626
3532
4255
-593
7414
-1765
6650
-1295
-1664
1324
240
-1726
303
3143
6277
888
2527
1653
-1954
2786
691
4920
1651
-991
1856
2737
-592
7359
1177
7523
508
1653
-1530
3642
-1708
1486
1231
-595
791
1975
378
4955
1267
7866
7028
4637
5143
3267
-735
-1612
6068
5010
2048
6150
6156
7413
6360
5972
5952
-43
418
3898
2756
429
6799
496
5726
-1464
1305
-1857
3090
3394
2444
5902
1517
7141
-87
4409
794
6646
7321
-1853
6252
902
7655
2242
3970
4130
3284
4592
2078
7665
-1064
1064
4547
6449
5493
359
4386
6817
7113
4286
6274
-1454
7690
725
2969
244
3835
6529
1006
3030
4830
271
7100
7742
1105
7350
6717
2710
1428
1764
6850
2263
2483
254
4619
1411
5503
3471
7589
5707
1571
580
-70
7260
304
1132
-662
7607
1205
3688
5045
-17
-349
5799
6659
3097
-180
7085
3855
7891
-1987
2917
1651
-1198
3906
6716
436
481
-1241
2928
-806
1501
7083
6313
5050
3032
780
3079
3239
4862
1909
4857
-1967
2930
33
-358
-1745
5647
3794
-1407
436
2786
1426
5350
6765
3456
7487
-1899
2707
6602
-130
2200
3362
6795
2734
7005
3737
7942
4002
-955
7638
5019
-1781
2001
1690
-722
1885
5995
7874
1977
-1872
7500
3789
2526
7272
-1945
1418
7463
4567
7273
627
7348
1838
-315
6667
7939
7908
2890
-869
1306
6275
7153
841
391
-716
3097
7215
3552
4443
6322
4773
-592
900
1799
-1061
2396
1070
3767
6398
-1446
6889
3931
1951
3153
304
7632
1707
7881
-473
2583
6862
1584
-1465
285
6508
462
4534
7107
-330
831
7440
4111
813
1963
-1162
3835
4406
-301
-1101
-37
1885
2604
-1902
289
6046
1980
-902
7507
-1601
2233
5579
4059
1728
7893
2319
3119
5366
3486
7253
3502
5164
5802
-131
-1031
5245
1307
7514
2099
-1256
6203
3763
2802
6236
6827
637
-1925
-1732
5977
-185
3281
6313
912
6459
7353
4704
7407
3502
1899
335
4715
3302
-1833
1865
3142
1093
-1822
-1833
-1570
1396
701
2990
7957
834
4134
6846
3879
3624
5259
4293
3329
4682
-933
4778
7772
7667
6108
6314
6322
5276
5492
-658
3165
4607
983
3162
6463
824
1379
1816
2752
5219
3054
5211
1111
6313
1070
7250
3059
5642
1027
81
7943
1497
5399
-460
5862
283
905
3722
6650
1537
6527
-1450
-241
-903
5577
6293
1993
6385
7809
2700
6334
3301
4240
-361
285
2511
4239
-929
960
4379
2443
75
2203
3969
6567
-1422
5447
-1775
5797
2323
3085
5198
2624
457
-1927
48
1876
1889
-774
5552
6050
7526
1963
3721
2244
1666
3012
1988
2528
1975
-705
3181
1083
4486
-68
6314
-1253
7782
6141
5354
5629
-1015
380
5440
7667
-1809
7972
3940
-1010
7855
3787
-969
-148
7401
-1892
6342
5255
6011
6705
1427
-1053
5722
5981
3921
1822
2455
5327
1560
-1860
7698
100
-268
3935
5808
3322
6644
-1508
2045
6362
7589
-1468
6747
2179
3877
7144
6062
577
-1784
-1007
234
-606
1546
-171
5866
6028
3126
6776
5339
6001
2126
-79
5975
-1237
4484
5759
5144
6694
-391
3083
3901
-808
5980
5235
-594
518
-507
1887
3479
2025
-1097
3803
-732
4397
-723
2545
3881
7242
-919
7724
4214
2137
7035
2586
4385
7999
7558
-554
6878
-1069
2433
3671
4944
6514
6602
3050
1243
-718
398
5499
1661
1949
-868
4719
1103
6721
-1359
2141
1515
6056
4764
188
7051
1878
2206
1359
5174
628
-1548
912
3052
4905
-1658
6064
4602
2193
3206
5780
6721
7970
4303
3680
1004
1100
-1463
4685
-1348
-308
5452
2112
-1584
-1045
30
3259
-654
5109
2463
3865
7853
5919
6308
7940
4976
-1067
6885
-660
7061
-1123
7586
7293
3966
-926
-378
819
5900
1632
4853
2275
5398
4633
3435
7928
860
2234
-162
1283
961
-1242
5638
3639
-1162
-1078
5938
5840
4811
-1353
5220
4243
6664
6722
1660
6706
4480
4344
934
6873
2118
2460
5785
3688
459
-871
-205
-1216
3006
936
3006
5094
-1799
5517
-459
-450
-480
3460
2485
60
285
4569
-144
-824
4699
2101
3850
2620
1440
5017
7976
-945
2358
5360
5744
5650
318
4202
1692
1796
-1800
3507
-1835
5239
6884
826
630
-1090
1544
2141
4821
748
6223
7189
456
2110
-1269
-1791
3852
-1867
-1553
-1601
6068
4281
6543
7180
-976
832
4456
-1308
3774
1937
1878
1801
494
1821
-1039
1789
-1952
5302
6259
3991
7323
36
-1850
-737
-1286
7340
-1042
2305
3274
6653
3556
5820
3488
-1443
2805
7077
-1580
627
3394
2044
1061
-724
1951
4242
7722
534
1058
1973
7712
-1412
4192
565
2940
2772
2523
1940
5532
-1012
4591
7536
-614
3511
4592
3095
6796
5923
1046
4907
-899
453
1051
-111
287
883
7640
1263
134
4765
2557
2996
3936
-639
4340
2469
-1006
-962
4334
4712
5593
7236
1865
-1106
-1063
3894
7152
6608
7057
6739
834
4370
5144
-742
4052
1585
7065
3096
-355
1590
2196
1152
7577
2386
-1670
4319
7192
5493
870
5373
4981
6856
3594
6996
2892
2501
6807
-805
491
6514
1497
857
7908
6250
6579
5411
3293
1049
-1480
2460
1797
7685
6833
2207
4668
1387
3170
4259
5813
-250
-1547
7343
7367
3890
3226
7445
1404
6587
-498
-35
170
2666
406
894
4960
-331
7717
7544
-974
4771
3005
7509
2514
5672
882
7089
1525
2469
5848
2263
2375
7317
4564
2400
1878
6791
4907
2639
-1596
437
7829
7486
179
4014
-1823
4187
6224
4767
3237
446
-414
7558
1016
-805
6513
2577
-1266
6313
1933
1656
-1715
-1341
3240
-740
4253
5649
4518
-1592
7051
7102
7090
3051
-1624
1781
967
3431
5466
6331
32
4642
6085
2061
-1513
1590
1499
6958
2952
6981
5700
-259
4918
3771
-1909
4714
1379
3890
3948
7076
5356
3744
-1352
-1957
5861
105
6415
-1333
2493
-357
6126
6053
5591
-1427
-147
-427
4627
245
570
6792
7385
-811
5361
3872
3330
-1597
4395
-1548
-533
1343
2395
21
4785
5082
-1098
5722
-190
-353
2159
7883
989
6241
194
4909
1794
7678
-119
765
4032
5585
-1573
7621
147
-690
-1078
2726
6356
4528
3679
-1119
6281
4085
6084
4927
7453
7778
-1949
-31
7523
7469
2897
4182
6735
547
7343
4478
2771
-577
1648
2733
3256
1576
7207
7902
1556
-93
3327
-816
5081
7194
-664
5352
-1349
4743
7869
6734
2470
4840
7763
1803
7768
5119
-1437
1272
6647
6016
1454
6838
1385
-1169
4565
4562
6307
7793
3327
7443
6694
7243
3378
3319
7632
3661
4664
2224
7214
169
4932
7533
1675
4288
8000
971
2732
6472
-988
4270
4504
-72
3872
190
6892
2240
3429
-835
6404
3056
673
1047
3278
711
2076
4178
5762
1363
432
599
1093
3239
2968
3154
2436
6892
4721
7010
6078
7207
2311
4891
878
4621
425
-577
854
4335
-774
7120
-1195
2862
1197
209
1714
4034
4120
5624
-513
5479
6941
-411
5944
1684
3581
-291
6899
3553
3825
4007
7471
3741
489
-819
-461
3619
-1195
1243
4849
7290
2488
2832
-63
5713
6861
5516
-303
3437
2327
-1896
7370
7471
779
-299
3584
7752
2309
6774
6915
557
1043
7567
4329
4778
2282
5462
5354
1787
4301
6499
7138
4336
4791
-503
4187
2293
4575
1482
1125
-1683
1934
6976
5179
-1960
5185
-379
-1503
-1574
5191
6728
-84
-577
3481
1386
7469
2741
6323
5260
6200
2802
-461
5752
7636
6526
-410
-1570
1647
371
7391
504
1721
1765
2429
1657
1943
2497
2295
-1411
775
4509
-1722
7059
50
3975
6045
1191
3257
4443
1918
3938
5900
-849
5691
3838
4177
2215
-309
7342
7953
-126
7469
4455
6204
7934
6395
4985
-961
398
5012
3318
-1652
1898
7599
6785
1158
-1938
7856
3077
1747
-690
6197
4252
6938
6249
6131
3801
6160
5777
4432
3778
7607
-857
5195
3247
425
2043
7499
-170
4675
-1784
6709
2308
-967
7905
4002
4214
1503
-1743
7920
3261
1325
-508
3424
-448
2563
7309
6474
6545
6430
-1395
6002
3573
6334
5979
3270
1296
6095
496
2325
6936
-1000
4654
7229
-1673
-1064
5788
5778
6729
7832
7736
-1213
355
2306
6852
7917
4449
-80
4544
526
6898
-1257
6203
7901
642
491
1241
7737
4552
3731
3333
2342
6970
5154
-686
2435
1976
-711
1536
2538
4516
1391
6213
6108
-41
179
2060
-391
1599
4128
4025
3459
5046
2535
3596
2383
3267
7670
379
2353
-1337
4197
-1513
1169
-1050
5843
3180
4749
5007
527
4519
3786
-1328
780
4725
3607
1977
-1282
4224
4154
548
2843
890
-101
-442
6103
3526
307
448
-1562
4437
3974
1241
5494
4401
2941
625
2550
7689
-1163
1360
2837
811
183
3916
792
1834
6931
-1855
-918
6499
299
3165
2895
2619
-1071
5033
7111
-460
4149
275
7721
-1080
1948
5479
6252
7859
4181
7229
-581
1069
2026
5443
5376
2306
-1327
613
-1285
6799
4841
6515
1538
-1136
304
6936
6184
7732
5647
5724
6160
-381
3560
-1403
4575
927
3729
6826
3948
1534
2290
5055
-1657
811
3428
4234
4976
4624
2321
242
1317
1354
579
3297
2260
6071
79
4007
-669
7857
7603
7063
5830
-1026
-327
4751
-1845
1107
3779
711
2848
6421
7171
4172
3558
-614
-1020
5068
4097
-1327
6890
1834
1809
3469
2799
3983
6112
-1363
4283
6815
3814
4529
2587
3519
3424
3991
1905
5375
3944
-5
2314
7154
4585
-684
7119
416
6647
-1372
5539
6008
7280
4770
4066
-374
5063
1938
3046
7147
4562
-735
1178
4609
3633
1496
7178
3465
6448
3841
4058
3973
6137
7711
1485
7122
2322
4900
4569
1432
3678
4315
-1457
-1738
3638
3709
1536
6561
671
-466
-613
1282
-1780
5358
344
7896
6137
7958
-1154
3817
4222
1084
821
1400
-1132
2544
1122
-1691
6983
5452
5464
5326
7198
6493
-710
2051
6159
6635
6773
4542
929
1160
1447
4482
7890
4717
7264
7150
7868
5574
5054
6319
-958
106
5148
2170
1730
-291
6513
-116
4870
-1322
-185
1320
1953
2061
5912
3740
3290
5816
1346
63
2874
1207
3590
2174
4522
-1371
5315
3931
-1195
275
5496
1110
1616
1712
3226
2904
7434
-126
4587
5334
1683
-1196
6105
-1842
2765
3763
4737
-1646
1396
2089
2821
5790
3946
1109
-1118
4921
-1653
4768
7423
691
1750
4745
4803
7852
-1196
5962
2846
6995
7730
4011
3492
5091
5648
5202
6804
3646
4948
-883
-96
791
6825
2988
387
1360
7978
3952
-349
105
7795
2469
7407
1915
6053
7376
7346
2779
-1787
3479
2152
4274
2381
624
1286
5373
529
993
-62
-1207
1655
6560
-461
-1996
2816
4444
2237
1424
7956
3530
6388
2737
830
-1827
7880
1857
-170
1411
7642
2697
4091
884
5411
7935
-1886
4575
-1944
6293
-1499
6393
4723
3062
-353
5323
6103
428
5492
2443
6917
136
4884
-1901
2242
-260
4568
754
72
1098
7188
2459
-1404
1482
4348
-1781
5689
5417
-1427
6835
4220
531
1902
3160
1816
2694
4809
5356
2805
-1172
3004
-1081
3680
335
-823
6419
-710
664
5878
7337
7819
6121
4504
2127
-290
1757
3617
-413
2475
7611
-593
2647
5862
3958
4437
2003
-234
1613
6122
-867
1452
1290
5420
3486
1285
836
217
6236
4141
-88
1380
7318
-1055
3969
4562
115
3063
2357
4384
3764
3951
7651
6072
4877
-315
6241
-13
3120
3271
5480
-1270
-858
-863
5187
4676
3657
6060
5416
7843
2986
-1863
3145
3482
5839
-227
5432
3151
4822
-755
7195
788
-836
-1163
1367
1127
3365
6424
1177
3267
2945
2768
2747
6814
3474
-967
7686
3315
-1795
5763
6389
7664
4745
-1709
-192
5489
6227
5992
2831
3742
174
5347
-1660
4973
-1283
-1310
5959
-1696
3205
1567
5474
4444
6678
3924
-1724
77
431
6055
7395
4503
4507
6375
-496
4705
-747
6655
77
-571
-417
1583
-1761
-546
7476
114
3318
-1014
3070
7946
-1355
3032
-1957
2415
6843
-1490
-270
-125
384
3352
455
-339
5378
7845
-1584
-862
6795
7534
4431
5588
4873
2318
6393
2502
7767
613
2916
2507
1951
5025
2465
1911
1605
4268
5748
5902
953
4230
6328
7527
-1747
-1870
4855
4786
3854
995
2588
7233
118
598
36
-1789
22
569
290
4508
2638
2258
1386
-645
6830
1689
153
7389
6153
2506
5856
4401
5954
3806
413
6239
4667
4424
1166
6965
4141
6897
-717
-723
1261
5515
3217
6318
4880
-1989
5033
6175
7454
4958
4449
-1076
5774
4768
-1218
-342
3678
734
5548
3205
2918
6021
-1131
4685
3737
3371
4391
-1173
1348
-696
4029
289
4308
1202
2698
1214
2303
4899
6780
3630
6340
4229
-1860
-1917
1735
4547
7574
-230
-1428
4605
6068
1570
3602
4892
6146
4512
-506
6572
-3
-646
364
4857
5289
1642
3489
-887
72
1317
1972
2281
308
6072
7630
1252
5353
470
287
-962
855
1553
7637
3855
2309
3442
-436
6073
5074
5655
7780
2349
7200
2588
2027
1082
4586
590
4805
5661
-39
3526
3008
-1748
7438
6735
3316
6896
1205
7131
7890
5419
-247
6650
2435
6241
1438
4730
1538
4448
-1510
1230
1693
-286
7726
3275
3662
-548
-1446
7385
4956
2502
75
7321
670
-688
-866
2983
2143
4496
6993
1130
4015
6659
-506
2869
371
2180
5591
7824
203
-1911
608
4179
3276
5319
923
970
-1673
1675
-580
2872
3267
4122
5649
2747
-58
-807
5000
5318
4480
2675
1899
4595
-727
6696
1935
-951
555
217
-1628
-1613
5787
1401
2685
7922
-422
6219
5318
5049
2620
6294
5913
3048
-1245
5018
5959
2515
-330
230
3206
-1575
6544
6882
228
1611
4789
1989
2317
5940
6903
3148
912
7761
6258
3701
7815
-210
1187
3792
7925
7545
7426
2017
-1632
6533
7047
6817
4389
1476
6552
593
5638
1314
-1901
-796
4665
5219
-228
7805
6953
5724
6969
5749
6574
255
5748
784
4352
7051
7057
4702
7970
3442
6415
171
4927
4527
-1779
-1460
3890
2583
2066
6874
1071
1105
1573
-33
5698
-433
2168
7072
1301
1925
-356
242
6844
144
43
1786
846
1275
6835
-1639
3472
715
4332
844
6281
1892
1383
3602
3821
3726
1068
1123
3523
5113
457
422
994
5063
2224
-1273
3133
-610
5972
2386
6811
5455
-1198
2921
2640
5845
139
-827
-1828
2913
462
-904
6031
5063
2156
6759
3409
589
231
3277
4633
-200
1452
6800
6573
3548
7466
7179
1797
-1047
-363
-793
3597
-1642
3290
3747
6611
5423
831
7249
4150
5822
1017
-376
6235
-300
2609
1355
1526
2187
-1629
5844
-1828
-195
5811
-874
-1208
-84
754
2485
3235
-955
475
3681
3623
4705
7885
4889
2381
1743
6579
4737
1046
2745
4109
3390
-243
4085
4548
5657
4792
3145
6227
478
5826
641
-1603
4274
5726
1528
2551
2937
1193
7007
2433
6561
1151
2775
825
5182
-44
6188
2923
6238
7267
-1661
4522
4835
5398
3052
1226
7598
7959
4960
2714
4365
763
2158
6192
6122
3718
1201
1516
-1904
2459
4977
6196
-754
-1179
4697
-816
4622
7380
3717
-1173
-489
289
6786
3556
5287
2945
1291
5519
2706
6784
7139
7708
2952
5440
518
6953
5693
308
2387
5705
334
4216
-341
4822
3753
-1723
1821
1312
-1494
-1964
-1750
3830
3302
-1946
7158
6419
7932
1088
-783
3474
7697
2314
4726
6251
489
2035
5912
3467
458
4695
1310
4814
4589
4724
4845
2601
-1013
1699
6298
3992
-753
2421
-298
7422
4947
6923
3305
7072
6564
196
6615
6782
3992
3314
3193
-48
-1033
1756
-794
5696
2514
4066
7771
-1404
5906
3525
-122
2904
6962
1150
4827
5566
7053
4854
4072
3791
6151
1194
6458
2584
-1950
3299
1504
7646
3182
4218
-1112
5275
-373
-22
2994
4663
3623
1534
2984
-291
7882
994
3434
1202
748
6830
1689
816
6295
-1238
1166
6349
2896
3599
6580
-315
217
-1215
773
1822
4080
-1929
3928
1983
5151
6879
5089
1191
1188
393
-439
4526
3799
-1981
4581
1827
-1786
7214
2307
-980
5910
7520
191
4899
6744
-452
995
6471
-432
4766
-488
6377
4653
5707
7356
7821
4974
4269
-162
3926
589
5376
482
7279
5242
4633
701
7863
3753
3149
5931
2883
6905
1882
221
-512
2904
4296
6369
2793
-683
4857
7969
87
1563
7374
950
3144
3129
3046
5257
1449
-366
-8
-1126
7562
-1586
-1792
5646
-1939
6486
-762
1131
1012
7280
4651
3999
7256
7446
3338
65
3893
379
-226
7513
4700
1275
4644
-1410
2410
1334
-101
6400
2632
4937
388
949
1083
5933
-731
2446
-1561
-129
1251
-1837
4976
2808
4771
-429
7953
1103
1272
7471
2977
-1877
-1848
-792
3861
2526
7543
1908
1496
5268
1095
6617
823
2138
6537
81
-1232
5190
4952
6905
810
6543
-490
-1282
2193
7564
7553
-353
7482
5033
1571
-687
6835
7103
5939
297
7889
4435
321
4114
3420
6991
2775
-1941
7923
-873
253
-1169
1311
6619
3089
2312
6649
3276
3797
6683
-1943
1261
3400
6152
4409
1448
6088
4487
-10
6179
2748
5679
-954
5837
7521
6365
-677
5446
-1423
739
-91
-865
7530
6984
7597
395
1630
-1920
-743
7771
3289
7454
237
5635
2270
-701
1681
3223
-1579
3285
-104
-1181
688
-808
-1217
2926
4775
6398
6023
-1901
22
3093
3074
5086
5433
505
5942
1631
3573
3576
-1223
2486
6061
1299
-131
2195
5481
4197
7183
218
7618
484
-1531
426
573
3029
-317
3721
7678
1610
7498
7968
3936
1179
6179
493
-1351
6289
892
4491
-1113
3675
-771
1843
-1499
-1527
7315
5776
1117
4950
6157
-1976
2647
5254
4269
797
-1279
1117
989
6905
3743
-843
7244
-45
1229
193
7061
2297
7205
7161
7239
3839
-245
2609
7587
-1222
-1707
4923
-366
-811
6737
1173
5581
6643
-1025
256
526
1997
1795
2426
-1266
4243
3607
3314
-486
7235
-276
-902
459
1708
1026
5011
-1935
-125
5745
3065
5668
5111
-1228
-1019
7638
2376
3839
3449
2762
-962
31
5852
1920
4395
5279
3224
7150
4099
23
447
2268
7615
1439
5205
1549
-1502
4496
2044
5895
5961
5873
2967
3714
535
1971
6177
5054
-234
3399
-1586
5293
-1654
6707
3804
4247
252
4555
-843
2025
7408
-1410
4171
84
4396
6841
-875
642
6560
939
-746
-1060
7313
3098
204
-1561
1600
-281
-1770
1315
7729
-1156
7393
4716
3259
4294
-1578
-431
-1341
1986
-1225
-10
-1818
4300
-1557
582
839
5165
578
7030
6867
957
6793
2314
1430
4412
-1650
7265
5183
5524
4525
-1528
5038
-1936
4384
7336
3907
7944
1770
7515
2925
1081
4742
2996
-743
-735
7014
1810
7298
2317
489
6914
5497
2832
-191
-1005
1102
6479
6301
3444
1387
1378
7257
228
-76
3527
7299
3734
6510
-138
-1011
2648
2039
-1902
6949
4852
-1591
5340
4273
5454
-1900
-1382
1477
7657
-1982
3691
6613
869
7170
1497
6264
2784
7106
1744
3082
1535
4610
-1781
2872
-1311
94
4934
868
-1174
1648
74
-1995
3689
7954
-1238
7612
7398
5363
-716
517
-185
7635
5462
6988
-413
3766
3504
3366
5843
6153
-356
463
4851
826
6910
5164
-1182
18
-1339
-643
2885
3077
7163
-304
2317
3914
6685
-1022
3493
3335
594
6074
6531
5074
6459
4861
6690
3386
1704
5209
4315
1124
2731
5727
2946
7595
305
-88
-16
3598
-1734
7167
1958
-977
-1612
7686
4667
1694
3424
6799
-992
346
328
-938
-807
-428
725
-429
6566
1269
6911
4010
7719
6518
3075
3823
5538
1617
-233
309
4054
6793
4582
2591
7800
-1625
-1509
5490
3872
6186
3647
1759
7722
6867
1118
7474
2630
6018
7326
1167
-1533
-287
-202
4401
1857
-1835
6532
-1045
1683
-736
4482
7030
1837
3362
3080
2444
3176
5289
3364
7354
-363
2882
5711
709
3726
3923
296
1326
5489
939
4834
1054
5879
7206
4704
4446
-746
-1003
1979
2091
1017
1
3499
-166
4971
5059
-1894
-441
6702
-1815
1367
-744
6805
2045
-148
2748
5814
7315
4222
4923
-1249
3782
3183
819
801
241
316
3712
7879
527
7724
3356
2354
341
-794
5084
2318
1877
4479
617
710
-1166
6344
2617
-1870
2308
-1949
7168
3432
5820
6399
5482
7363
3896
1803
7797
-705
6142
7357
1632
6837
5070
1838
5441
6139
6190
3696
1268
1002
289
5886
2831
3243
1814
-226
-1787
6501
632
4511
-252
1629
2580
7234
7985
-1124
2810
2153
5579
6731
1813
5807
1888
1772
6962
2181
935
920
309
3211
4208
661
7493
4605
5618
1839
2218
7278
-1306
614
-801
-1318
4337
4696
771
1142
5224
3141
7499
7317
3207
6341
6403
5974
7128
7499
-931
5166
-48
-580
3839
2983
3625
4595
1530
6223
1128
5497
4867
1921
3615
-53
4448
3246
-1899
3522
7873
2327
3768
5002
1638
-497
-981
5246
-873
5216
5295
1756
2243
-1100
4638
1583
5425
7125
5979
-19
2835
3206
7388
6550
6933
671
5385
-143
6236
1583
1106
6423
5033
-1079
6167
2826
6172
5032
-489
4168
1737
52
7071
6437
-1961
6003
4507
1884
540
3606
667
-696
5872
-1334
1457
3843
5365
-871
6809
7189
318
7931
5197
6172
61
2365
2999
4547
2323
795
-148
4044
-289
5394
3049
6020
2741
3358
-863
4558
356
7415
5393
6326
-613
3010
6507
7523
1369
1695
5635
3578
3628
7182
7756
3035
381
1543
2447
-416
-215
-428
7251
5064
3273
-1148
1623
6171
283
3896
7341
4328
6244
2053
-340
727
-1413
7575
528
528
1783
6905
-364
5892
2454
616
4378
6070
3317
2310
3995
-45
685
7558
6225
1621
-1989
5399
916
7915
-57
-447
6713
2510
4506
6790
-152
4222
5403
920
4856
7455
7273
228
390
4843
3540
16
7492
1442
5733
7571
2498
6035
2904
2550
1838
581
-615
6457
2405
2209
6192
-1776
5360
-1310
6615
7977
-1976
413
880
2426
3209
7321
5524
4235
6754
3724
-790
5299
3107
5609
-938
2663
1603
131
3111
350
-1139
7399
1269
-1511
3295
1009
5501
7707
2010
3119
6861
4606
-1419
2379
4307
3711
1716
2742
1890
3145
2383
810
2416
-1141
3643
4661
5892
7261
7691
3681
-1733
4038
1368
-807
2482
7635
3377
116
6539
1772
6434
3329
987
3527
5408
4115
206
4090
5687
-921
6740
926
5783
6530
426
-567
2503
3541
3380
1798
4124
4580
4401
4381
1945
6766
6529
3334
-1198
4591
1062
875
2790
-218
2151
7225
2360
7018
3745
200
5252
871
3509
3432
7383
343
522
-1235
6513
3530
7311
5265
4682
4475
-367
1684
7727
5725
4780
4432
-1775
3796
-1052
1754
5760
-927
7866
-1499
-919
2507
-920
6341
3929
290
975
7968
3329
-1515
4275
7826
-1993
-1968
3710
80
5163
396
5376
-1879
-566
6102
-1620
987
-1111
2222
-558
1953
7375
2135
2964
2670
4165
4775
141
2244
2009
4855
4935
4598
4931
644
-868
-10
4376
-1893
6864
5671
3578
-702
4675
2534
7278
3805
-1545
-602
-625
2366
1234
-1636
1165
-912
3971
7466
4277
7377
1833
4318
6219
2693
1010
3552
4550
6059
5363
6519
-994
6896
1261
-1954
60
3488
5538
3506
6681
7659
7302
5852
4677
2378
2665
550
3895
-889
391
4538
7266
-318
-585
7341
6295
887
3484
5901
2860
6412
2378
6081
6442
6558
2105
7495
-1415
5391
-1351
-1629
4432
2527
5386
3255
2513
1812
5307
1274
4949
-178
4790
2065
-1124
289
2737
65
671
3041
5882
1354
6095
2219
4477
6774
6723
2897
1323
4108
5848
672
-1673
4294
7120
4768
2824
3729
4025
-1576
-399
7369
-1494
-1821
975
1766
-1975
6824
5555
6486
3610
-1454
5175
4674
6017
-1163
2153
3531
7801
3439
7677
-262
1677
4001
5680
-1472
821
5047
4631
-263
-1702
3357
5395
6317
7116
-1732
4623
5428
3411
3529
5963
1385
-1543
7046
3162
282
6653
2902
900
3321
7095
4975
5489
2084
1367
558
2905
4575
2845
3410
1903
1342
-629
2733
3258
7851
571
262
5383
4911
6844
4827
4520
1180
6651
-1772
4166
863
6129
-612
-475
1951
-165
3221
15
-1565
6183
20
4971
-87
6268
7282
4564
2488
7101
5692
-934
7632
2173
5616
6568
-315
5697
3085
4422
-354
6365
6131
5790
718
2169
3293
-1565
4448
1154
2393
5247
7890
4843
4051
1908
7090
855
1766
3119
3449
6228
5610
6361
5647
7086
7392
-216
-1353
7848
-739
4396
2393
5912
-67
-1110
1616
5925
2950
2552
-839
5163
6808
5303
7991
4284
6443
4312
-416
2034
6505
239
2953
3557
474
1889
7163
7909
7375
966
6708
562
5272
5563
4776
385
6779
109
5473
6874
2524
1384
762
3472
2065
4967
-625
428
6504
864
-1075
972
3082
7171
207
2666
5438
5293
-1453
3577
5546
3378
2877
3633
2813
6844
5857
1368
4145
5942
3195
-1158
2528
4549
591
7813
4056
1695
5115
1317
4911
-1385
758
4210
7315
3983
7803
4341
-1594
2976
5481
5557
7357
-1024
584
1992
7353
5067
7588
1780
6137
-205
-1821
754
1244
1221
5487
1
107
6145
2192
2942
6868
4769
-1247
688
2913
-1490
3523
6324
6004
7420
2091
-522
7463
5798
7518
2537
7406
4668
347
4393
7121
3143
3007
4587
7001
897
1031
3317
4984
-1929
3164
7358
4939
2302
7990
1877
-1660
-1304
-260
-1983
7196
2100
1976
3297
1671
7450
3667
7127
1811
-618
5496
5380
4728
1982
1484
446
-377
-1511
7988
-930
3634
-452
1669
6739
4936
-953
3834
-1052
950
4994
7389
3763
5853
5381
1803
4345
1716
1143
5664
6153
4280
692
2219
-995
5516
1509
7590
2525
482
-1897
3166
3273
2114
100
6465
5877
1771
593
3964
-230
1904
2467
-633
203
3998
6748
4787
1194
2748
3237
1136
4438
2026
7597
4258
5618
1244
5060
-1020
6520
6048
375
4793
-977
7143
4955
4280
-1345
2020
5098
2814
-1790
6491
7437
3079
5070
6217
-1924
5891
452
-929
1233
1739
2767
-1797
-1234
67
2703
7013
-716
2551
2610
1514
5764
7119
2086
3100
3334
-997
6910
6871
-1568
6295
-1022
1743
3390
5829
1780
7649
1151
3754
5502
1624
5852
3664
-1725
6005
878
7435
34
5119
1744
5572
358
2682
3251
-1026
1706
-1364
952
-265
-1828
2678
6619
3914
-1092
-97
4595
-271
4221
-1027
2901
5839
1458
7515
4543
6642
5968
2591
-925
6801
-1540
-127
4255
2938
4379
3432
5205
4163
-624
6082
6641
259
6464
3740
5109
4982
-1517
5277
7176
-1290
4999
1951
6516
1918
3364
-1590
2838
4039
-678
2805
2800
6550
6128
1574
2070
7739
-1036
-104
-334
6976
3406
2076
1466
-1139
6727
1367
-1151
4310
2392
4357
-1426
-418
5206
6051
-859
3297
5961
5878
-387
1628
-8
6223
7237
4403
2314
3804
1451
5461
6350
4920
7796
-1009
4727
2
6840
325
3750
5075
374
7065
4358
6129
5398
2165
725
3771
-959
2688
-343
703
2761
-1822
2127
2060
5923
-1105
7437
613
1410
2002
7522
3877
6750
7890
6321
1600
4953
2174
5520
6046
3109
6525
680
-256
1163
-1454
7824
2846
1716
-1162
7019
4604
879
4656
114
-307
-1199
122
-1121
5968
7074
7595
-1583
3630
-1540
2375
-484
1078
2593
6268
6733
-1761
4202
5373
5922
2958
581
-1026
7401
720
1048
3907
2136
3796
3677
162
913
979
5325
1132
-1318
1156
-55
6303
4829
3265
5447
5506
1902
7611
1124
2594
-789
686
3766
-1527
6766
6287
5021
7778
3793
4118
-986
-977
-730
7624
4850
643
3988
-420
1912
2391
6283
3869
3086
6266
-1640
1314
-566
3168
4713
-1624
3549
886
2704
-1616
5859
6955
553
4420
5333
-1539
4061
6308
1770
1155
6993
151
6489
817
3272
2590
6038
7897
3037
6574
1957
5960
2797
3514
7968
6554
5229
7097
987
4698
2434
1987
7243
4120
-1042
1796
7864
1215
-1244
5430
3120
33
5240
759
2433
-18
-539
3115
-1076
5004
2954
980
2505
4360
2319
2106
-631
1770
1566
2593
741
-102
-871
-905
-95
1559
3148
6942
1265
6367
5596
3060
2127
-1463
-607
-1304
6585
-662
866
6578
5779
4448
-1950
6156
2225
3264
-360
6223
7496
492
1967
6280
2896
3176
653
3049
316
4613
-577
7446
6629
5577
6825
6077
198
1162
4749
-808
-1429
2607
2287
6351
2537
1966
5935
11
6304
4526
3677
1959
6385
-1024
4242
4446
1594
-1124
121
763
-1838
1520
7195
2365
282
3112
376
4953
5817
1016
3361
4716
1157
3873
3503
1709
2720
528
3612
2464
6209
850
370
5262
2168
5779
455
-741
6277
5130
388
4364
4350
-61
5347
7828
1353
1262
6866
3306
5132
2789
6043
822
-1371
-529
3230
6808
-1104
6041
7249
4879
5745
3381
3620
6147
4459
5753
893
4687
5057
-1647
-1748
2701
-316
-1232
-1760
2630
117
2102
2975
4841
5735
7953
856
3723
3679
3172
7719
747
16
960
316
5788
4210
4559
2361
1077
4245
5394
-275
5848
4038
2055
-1160
5737
-182
5240
6958
6077
6542
7239
2108
3048
1749
1849
6438
7056
4423
7585
1040
5678
6946
-701
6397
2604
7467
7357
7196
7633
4053
-1467
166
3407
-155
2557
-966
4726
142
2032
4310
6301
-1243
-1986
-701
190
766
-152
755
1834
2067
7006
3863
7839
1862
3282
7984
2235
2515
1970
7960
5720
-1366
6383
968
-890
-841
2352
7889
3132
3240
4206
-683
2954
3400
1951
-374
-1219
3428
365
-1720
5509
1995
7649
5117
3705
6504
661
-763
2281
-7
1569
3373
7600
2223
6846
7118
2877
4426
1492
7240
225
6493
-860
2728
2576
4800
500
2128
3187
266
4124
990
3342
7706
-1546
4017
1155
2565
4665
376
6014
1622
1032
4878
441
-196
4909
776
64
2692
4400
-451
545
-106
1291
4346
2038
-579
870
7754
3964
1164
-1408
2950
5910
3407
446
6022
-711
5666
-358
4585
1332
-1972
1690
20
1832
-877
941
6296
2108
2451
3469
649
-1790
4442
6294
7960
189
-140
5439
5670
-340
1887
3224
2551
-1580
4012
5880
4675
3276
569
-1619
-1633
6210
6290
6451
2410
276
2370
613
3201
7675
-753
4518
3486
5467
5860
4654
-391
7012
4723
3854
3203
2663
3710
-1498
7510
4840
4641
4901
7743
3335
5592
6731
4342
7573
2958
3136
3158
7735
5677
7241
7210
6417
3745
-1340
7067
4409
4708
7372
1834
7229
2051
-1878
4013
3870
2484
3587
6476
5176
594
386
5529
7558
-149
3318
2045
7710
3466
5937
-1971
6004
2261
6938
-1301
1653
2993
-125
2087
7285
2736
7044
530
4010
6674
6004
7904
7021
530
-1066
-1403
5989
4198
756
4651
1684
7510
6548
3032
5362
3524
7823
512
-691
3852
2932
1981
5514
-975
1668
4487
3584
4906
-1106
5808
2674
7741
-1644
3662
6066
5588
-1587
1798
6493
6798
-1446
-363
841
7363
1289
1851
7065
-1066
-310
-518
2136
3034
5169
5551
409
-1935
3992
1877
3981
5954
2303
-1623
5654
4722
7089
1938
2250
2079
5776
821
-218
5435
7570
2890
4217
3445
-1561
4550
-810
6360
2855
1926
-1708
3720
1943
737
4560
1418
6408
-1232
4449
6584
2157
-1411
7140
-1694
-74
-1693
477
5923
-642
5475
1652
5653
2180
3701
6718
2295
7619
-1766
7518
6462
2736
-84
2370
7927
4712
2764
1856
3664
866
-21
1065
7139
4449
7279
4855
4298
7654
5778
5444
-312
2166
3864
4364
-1639
4580
-503
1854
1049
1913
-1456
4212
7793
2727
1696
1439
-1304
2464
3024
-1487
1957
3877
3257
-1024
3874
2774
-1165
2877
-1612
3537
729
3108
4464
5817
6401
-1814
3963
793
7682
-1585
4087
-376
7924
-1983
5656
3339
2806
5835
1868
-929
4873
-1691
7340
1779
-151
6520
2720
799
2691
7940
4620
-425
4070
2704
2706
3159
4511
3268
-1511
7504
5671
4411
5854
1741
-253
6296
2618
-657
11
3973
121
1551
1489
7415
4229
-1016
3908
355
-1983
110
1464
-550
201
-201
7172
6348
4678
313
2010
664
5195
-78
-984
3339
7792
-1770
4569
7144
3057
7736
3239
-49
6351
6645
-1274
7240
-520
5368
6772
5609
3762
534
6070
3895
1498
5876
1026
-1291
1419
4825
6290
2741
-1936
-852
3468
398
6857
3416
7894
98
6186
3466
7356
2796
7067
290
6338
-467
4709
1835
6858
5436
6902
-552
-1932
2265
-1015
4804
7100
5634
3381
-953
1478
1079
949
-1062
184
-1549
-752
592
-1689
7441
7435
5863
7192
4027
6576
1597
-822
524
2691
40
3415
7614
-1028
-5
6515
2754
1881
625
-1361
2539
-574
-856
201
-1928
5552
6358
3773
-548
-1407
-476
5190
-1125
3795
3307
3189
421
3986
-710
4345
-1566
5680
1650
2841
6363
7862
988
-654
4602
6748
1159
7023
556
3752
5137
-21
2992
828
1957
6942
6769
5008
2649
1845
980
-1816
7504
3264
5385
4226
6885
2643
-1660
3888
4357
4515
2011
6273
3520
-885
5336
6585
706
3474
5079
1371
6269
5384
1623
5356
4754
5131
-778
2026
2965
973
2793
-305
-1129
7387
7560
4760
6989
5079
-808
-455
7335
-1126
-1282
3163
1678
4861
-1814
2953
4883
-1018
1883
1802
4243
-644
-1847
3526
-1144
7790
7433
7891
2189
1128
2423
1966
2601
-1928
272
2947
5654
4374
1132
2673
2813
2196
5063
4206
4536
114
6444
7657
3613
861
1186
662
4208
-689
2915
4933
7114
5832
2731
-1108
3235
1955
3033
1237
6914
2743
6260
748
5727
1525
6005
1383
6608
-380
6087
1697
-540
5167
4775
1174
4473
-539
-1695
6050
2404
5064
6184
1001
293
2187
4619
2960
-146
7913
5576
4482
3814
989
1198
3919
5861
974
4643
930
2326
3033
-48
2430
-1173
6763
2701
7109
2530
7875
5444
-388
1406
2158
4855
7405
-441
873
1538
7068
426
4929
590
2085
7835
-1130
1956
1231
3094
-596
5048
-1007
-1887
3476
1415
-1866
3295
6655
7996
-462
2828
3795
-1530
5511
4214
2091
1005
-1681
7157
-802
5397
3814
3788
-449
4360
-1455
1495
4723
1326
-16
4010
6629
5710
3364
6868
-1489
-839
4448
-1162
3250
-322
3944
4463
-1122
5300
6835
-1905
6590
7577
-1549
5733
5892
1284
5470
1097
7402
621
6764
236
-661
-619
-1269
6769
-272
5126
-1061
5863
4073
1784
2304
4251
7615
1348
5438
2078
5858
2563
5248
6049
5937
99
2221
6015
7247
87
6982
2595
734
3112
3856
-225
2342
4332
970
3538
1969
5147
955
2425
3614
1914
1627
1942
734
5172
-155
2520
171
-1716
5616
-1862
1702
1599
-208
3976
-978
-1693
7151
5671
2054
3703
4622
1932
-590
5677
4877
-378
1484
733
6541
-1391
7482
1876
4245
7434
1565
-817
4793
-1779
-1647
2686
3286
6382
3013
7660
7898
6508
338
2764
7495
518
-1897
-579
7802
-473
7938
-210
-1964
2905
4050
5361
-1764
-440
320
7982
2620
-236
1296
909
2652
-1110
-968
-373
1950
1883
4049
614
1163
6327
-37
-872
7779
1341
6180
2877
-1921
133
5412
2667
3871
-654
5541
512
5521
4026
1509
2962
2320
3460
821
5378
1277
4980
1939
7997
2885
6827
3286
1258
2287
3156
1465
4673
5630
-977
7042
212
7061
989
687
2524
6355
6223
4584
2808
7028
4157
7317
2457
5254
5829
5858
5377
190
2534
2842
1206
-878
3932
2121
217
-1337
5844
2213
5256
5254
6850
-67
-851
3143
7764
67
-406
3491
36
7911
6909
6834
182
6559
-1878
7691
-579
2510
-1591
3429
4133
2158
1304
119
-900
1291
5524
1166
899
872
7664
-1708
3254
3557
-937
2564
-1464
7126
7958
2875
1398
-354
1137
-972
735
3707
6473
7077
3878
1775
2575
2661
4748
-1778
4407
5132
3067
1953
-1281
2221
3247
5655
3581
1107
7296
187
5600
1520
4962
1929
-1948
880
5885
1061
1256
286
-123
7711
2250
7987
3056
1068
6351
3482
-1313
771
6243
629
3217
5221
-1127
-832
3723
3222
2988
-1831
878
1065
1153
-211
1804
-247
4613
4327
3514
6205
6530
1067
2644
-1671
1500
3629
4571
-971
5901
-1464
2050
-1499
2217
-1782
4518
343
-908
1323
5965
5428
2637
2510
5157
442
-810
6469
4511
-517
5936
4765
6562
708
1548
-549
-581
3483
729
1473
-1481
2904
-454
2182
2507
6346
6821
5362
3673
2012
226
1072
7531
5201
7215
-1633
2538
7174
2451
4688
3217
6350
3480
3299
-1041
1241
4764
4131
7176
-1200
7514
1155
6913
1274
3248
2129
6022
3111
394
2114
3681
4039
5712
4869
3121
2358
3808
-1131
6583
-1618
2186
6577
-285
6558
6035
3389
272
7746
3903
4329
7499
923
5956
-1673
3705
1891
6606
7928
384
2882
2680
-1329
-1484
70
3757
166
4736
3522
767
6828
3105
3971
5385
1566
951
-561
3072
-665
7103
6784
6942
7922
7247
3449
6318
3572
6875
7487
3656
5345
7941
1290
-508
6237
1498
824
3101
5767
-1294
262
7727
-1691
2787
-3
-1632
-1116
1858
5178
-51
610
3968
4597
-1121
3864
5875
6449
-911
5250
7297
5689
6611
-1866
4024
-654
7954
2245
4817
4739
5305
7731
3953
7210
24
3545
682
4479
-1666
2921
6625
-34
-1131
616
3367
3797
3998
-1793
5622
956
6108
2603
-1414
3416
-375
4487
3603
1277
1944
819
6173
5374
5436
2361
4734
3170
7115
7518
3746
7175
3110
3063
2987
5601
-308
146
1081
221
6576
5803
6296
-1277
-642
6222
3981
-418
7729
7547
871
1484
345
-1009
-241
3650
5926
-1764
-1586
-1659
447
466
-781
4031
-1442
-1506
426
6859
7132
6284
1380
-1895
2688
3595
2388
1554
7763
5433
6652
3972
1635
599
5233
-811
2446
234
1725
3206
2307
2270
7214
3429
128
5701
7926
5940
-673
1788
7044
7331
7192
1300
6885
-775
6520
3640
5383
559
-853
-872
-1955
4313
4959
4543
5090
2852
618
4053
6703
3367
-1997
6705
4443
7020
6303
5164
285
4831
38
1635
4838
7809
3596
3471
4706
2430
6213
4484
951
7138
7361
7476
-181
7137
1033
-819
-658
-1455
4483
4388
3407
2468
6264
4497
92
663
1510
6358
3298
-454
1586
-1843
1158
1931
4342
3924
3607
-1473
5355
6577
-619
2631
1218
2622
4030
-489
2568
2184
4310
5063
3024
3323
-1389
-181
3690
4171
-651
3955
-1047
6766
4747
7849
7697
-1482
5705
3168
4759
6591
7210
4688
992
-579
1515
7081
646
5751
-1255
-1657
3340
3711
-1882
-347
5897
1836
7618
6994
-1462
1778
1052
-656
-1490
5558
679
6321
1639
-1293
7830
1581
191
-1712
-566
3414
1808
7679
7926
-147
6510
-618
6754
4146
2709
4668
2967
306
7667
4095
-817
3052
3604
3373
6185
6351
53
6561
1691
2314
-1506
531
5186
7403
3975
1519
6313
7495
6161
813
1986
6849
7020
-745
5094
-32
-373
4070
-1117
5544
-1465
612
3633
2691
4294
-487
3698
5282
2953
7011
4835
-1186
481
2769
2467
7604
6444
5514
5688
-1189
-1171
3737
2563
-531
-633
1951
1173
3404
7371
-118
1257
-629
4500
1878
4066
6498
7375
4516
7248
98
-735
515
-1718
807
-1544
5478
699
4399
3259
2688
6888
4729
5249
6214
4141
4049
542
4832
1927
3425
2030
-1278
7676
7956
2942
-780
2606
7934
91
440
1805
5035
7359
1718
5391
4409
-585
-1032
-893
3779
4530
4356
2761
2206
-96
4043
7651
1174
7344
2298
3191
2323
6464
5252
-1474
5907
6088
3084
-1134
-1343
1025
4953
4
5647
-1139
-345
1980
1221
4578
4310
2344
3246
3189
7487
-802
1503
5123
-1690
-540
543
-567
5598
1383
6310
7392
1757
7618
5043
6404
-319
2866
742
-545
3506
4012
6584
2890
3439
3773
7544
-1945
-1224
2365
3180
-873
1748
581
6534
-858
-591
3206
3427
2385
-824
-181
2189
1480
1796
-72
4053
7956
2557
-341
-643
5599
3505
3832
4803
-490
7297
-1893
1631
6126
6610
6511
3077
4245
1146
-1778
7690
-1370
2494
735
-384
866
7545
1485
7156
7010
6184
-1436
2711
3150
6649
5338
-1225
-1384
3723
2435
1653
5302
-745
3980
6297
6799
775
2892
7408
4910
3268
5548
-1491
-1463
4582
-433
-784
7682
1514
7238
7905
4427
1472
2185
3413
5643
-364
2558
7979
-1021
-1770
7738
2141
5763
6976
5543
3361
1510
-1336
5918
3605
7311
5919
3733
-696
5883
1115
32
2814
781
6174
-1614
-1979
621
7365
7586
5394
3658
2609
5225
-72
1841
4530
-993
7480
6325
2415
21
-367
56
3298
-1875
-961
5205
706
3462
2210
5238
6714
3934
1703
6617
3000
3516
5148
5889
-1219
5489
1564
2664
4437
1579
7281
-496
4136
2930
5001
409
6417
-231
-940
7031
3124
6830
-1945
7164
395
3031
5730
1484
7818
-841
3031
5593
-955
3484
6572
7146
6386
971
-1626
-799
-29
1831
306
5795
7446
3892
-268
4846
-1832
25
2314
7693
1156
-319
5783
-656
1324
873
3991
249
-1619
5094
4514
1442
996
2658
4515
289
2773
6990
-341
-327
2507
-1733
1087
4316
7304
4708
2397
2588
4113
2758
61
2561
-1958
5915
-676
4809
-80
3162
7407
3466
4490
7698
7727
1497
-1736
3768
3665
5121
-1677
7048
2516
1545
3293
3095
-301
2439
7759
-1433
3552
-78
2350
-418
-390
7744
5236
4552
2241
1519
3451
1479
7407
3624
-1884
2966
5080
4536
5505
3676
5328
1853
4906
-249
7238
-119
6526
3359
882
7214
4176
584
7215
4937
-341
2343
6631
6927
2609
4043
6593
4950
5818
3268
1703
5080
1577
-585
5750
7718
4095
4306
3678
476
-754
5246
4466
2539
4431
838
6837
-485
6182
2923
2726
-512
4326
3547
2766
1888
-951
-94
3836
4036
6129
4227
5344
-766
4832
-762
2027
4325
6808
4531
7267
5113
1419
-492
79
6184
6990
4882
1736
7012
-946
1674
6885
-444
694
5165
1754
5202
4106
-587
6365
5909
6384
-1498
2611
3733
7613
3516
200
2022
7434
-1053
-1432
-1223
2978
4329
4250
7162
-528
1459
7009
5847
4166
6096
2217
2142
5961
304
7700
-801
6764
2096
2885
-1563
-1301
613
-1632
3366
3667
7898
1983
-1418
3168
5544
6812
-904
3525
658
-1524
-1662
-1229
1316
1193
3626
-800
-1741
-592
396
6409
493
4197
6547
5580
459
1399
-361
3391
-505
7917
665
-671
-391
1630
7468
1664
-1468
1783
4670
3043
6920
5244
3079
-1558
6874
7368
3526
5441
5561
6171
-923
1717
4305
3397
2303
-320
2410
5240
-552
7241
5065
5884
3990
1618
50
276
3748
3220
6979
5838
5337
907
-1596
3483
7979
1044
3572
1057
6148
5318
2341
7403
2334
6324
7242
4570
532
1770
1659
3078
6935
5663
5050
4705
2335
7344
532
4862
7826
1162
-433
4491
1585
2435
2408
6513
-144
2260
29
303
-143
5963
-71
3640
4616
6338
-1948
7937
7062
6485
5881
-957
230
1042
7826
-78
845
4258
5121
812
5221
4274
1655
6250
-1845
1649
6473
2207
1976
1198
-300
2423
3794
5030
7655
-813
1311
-954
3588
-1932
-427
3352
7753
6268
-1984
3856
3225
1986
6002
5605
1384
4739
3911
3648
356
3291
3617
5231
5686
-379
5379
1817
7534
-990
3648
3990
-171
6778
2965
6441
1219
778
3348
2116
-928
1473
5862
6239
329
-1615
2410
5071
4608
4667
4176
6180
2453
3524
3177
-975
7088
4216
5595
2211
3689
1414
4566
3852
2277
3233
-273
7080
-790
4112
2421
594
5100
3956
4391
6767
294
6812
2543
7507
5891
3341
7033
3601
5457
3832
-1828
-605
7135
2020
1540
6398
-1943
2404
7994
5117
2281
539
4957
3390
6932
316
6765
6643
7552
-1667
5551
4526
3491
-1076
2007
1250
4806
4011
211
1461
7545
4046
119
-1313
4477
2792
6034
1741
4292
1087
-584
1378
-1507
7598
7967
7292
6315
6603
2426
2232
1043
4682
-1926
3284
4469
3958
1835
6809
7325
4387
4328
3404
2225
6398
7376
-1912
2874
6459
1142
7066
6608
7676
4264
1785
2295
1732
639
2871
6135
-439
6040
-593
-220
6172
2304
3004
-226
4071
6309
851
2706
5995
4729
3230
-1947
727
6990
3276
377
2065
5678
460
1722
4888
312
4835
3846
3955
7994
-7
-1163
1734
1014
3281
3331
556
7531
4640
4413
-1188
644
329
5154
476
-830
6785
5023
-293
4034
2750
5568
511
2191
-457
6570
6161
-432
-1492
7776
-1321
1953
4584
418
2297
6195
7907
601
4687
2668
6129
623
-38
2278
1395
1329
1238
5500
6965
-1627
3543
3210
6197
1859
6715
3709
-1923
-371
3453
-1549
324
4008
4189
1065
-101
-1521
3956
5320
3761
-1712
2988
-445
7578
2979
-1786
1190
917
6016
3825
2673
5701
-817
2602
3754
1774
5262
2546
5782
1651
-1019
6682
-1847
6947
4306
6452
5344
7518
3017
6068
1835
352
3878
4924
-1601
1759
4851
6106
992
1289
4652
4404
3419
-928
-1799
3714
4082
2079
630
-827
7925
7646
1637
7193
3167
2172
6427
-292
2931
-61
-202
7951
3719
7842
-1957
-34
-1197
3545
1881
5521
7866
7622
5853
-1813
925
-173
4243
-262
5586
3595
7577
5531
7389
-1939
4230
5369
5169
7720
2735
5716
2969
-598
-82
5256
5197
2228
3181
2791
1956
4083
-11
7263
1944
3044
3638
6518
-118
-1011
7002
3880
-1177
-1689
-953
7214
6282
-1620
-1284
1495
-183
4351
6193
6248
5601
1246
-1004
-1016
4460
7364
-1524
-937
458
7140
-96
2563
6428
1956
3379
7303
127
3230
7344
-1318
7665
7334
6512
488
-558
935
4367
-1072
6400
7724
5294
3337
6201
1969
1763
-609
7011
4134
2045
320
2779
7622
6910
171
3796
7226
5214
292
7650
-1972
7009
2623
-400
7269
942
6469
-364
152
773
6301
-696
-1615
-191
5882
2473
3531
5070
3596
-565
7826
3442
6990
-775
1297
2506
2638
2262
4792
494
4153
1816
2676
3750
259
1020
4490
2275
3686
7180
6831
7777
1782
2014
6689
1748
1087
2731
6919
-1053
3594
1572
1403
3159
-125
449
1783
3591
2196
4702
1000
5711
7641
5976
1934
-1579
4227
1655
770
4049
6082
4139
5833
4833
1668
-724
4378
6565
-614
35
-406
1663
6325
975
2671
-630
2840
271
2617
4460
7895
852
573
2398
3474
7422
2164
7661
7456
6585
4558
5147
3678
6274
5365
-406
-105
3165
7097
4213
1545
7491
-1186
1052
7981
1547
330
7201
5062
454
6213
1931
1271
7097
-1597
-117
5173
-777
6828
3970
-1587
1716
7500
4992
7630
-106
3156
5744
-998
7573
975
2894
7999
5131
-861
-1788
1203
1365
6216
863
7988
7989
264
7879
-1900
4277
7681
-1295
5756
-458
-607
7689
6097
2837
1653
2505
-147
1031
6182
3682
4004
3727
3479
7830
7413
1959
7853
482
4890
7542
931
7917
7468
3484
7369
7895
7023
5971
-1961
1204
1791
2071
150
2880
1859
2427
7270
2335
1577
609
7173
1596
7475
-266
6704
3008
2952
742
4712
2639
1082
35
856
2930
-691
-822
4646
2302
3145
5546
6923
7496
-420
-1886
1849
6954
7585
1459
5015
2573
6461
5007
3609
-1861
1857
3448
-1799
4869
-1136
3353
4757
6059
802
4660
-1836
3778
1788
420
3696
168
7604
709
4035
2842
915
3285
6531
168
-1092
1714
3808
-685
2627
3780
5662
277
2149
779
533
6538
2186
3661
5289
7656
-956
7809
75
7432
-1277
6923
6819
5629
-1460
7488
6414
5787
7544
334
1527
5180
2233
1753
2555
7293
1969
1838
2029
7188
4207
5947
6805
2325
5844
2066
1999
5586
7599
5321
1609
233
446
5533
836
6018
4462
-92
-501
1421
2843
1748
2968
1559
804
1955
6462
-1708
1258
6973
1094
5797
4621
64
-1644
-158
4870
615
6715
6600
446
5754
6854
-185
3847
381
6094
3505
3066
6585
679
6388
3588
445
7411
4741
189
-1869
2128
-1745
6520
425
5856
3199
3970
1572
6530
7310
-805
-524
186
-1138
2049
-1558
6833
1894
1053
618
1111
-592
2264
7776
3163
927
2932
6797
6607
353
4224
2712
5493
37
7196
872
-740
-1238
1806
3849
7443
4462
7188
730
4813
6128
-1475
-704
2864
654
3776
4921
992
7150
7510
2424
4456
6032
4553
2423
2180
3420
-179
2839
6426
2251
1245
-436
-685
7779
-161
3736
2756
-196
3889
-1076
6862
511
2263
3200
622
-850
6557
6798
6785
7066
869
3949
7629
1692
5864
639
6813
4784
7027
5129
6729
6061
-1725
2129
512
1294
5054
1466
2379
3205
7436
4624
3552
4901
2196
-1188
5018
2400
4321
4925
-1893
-859
3821
7961
260
-687
7961
4781
2826
1207
-197
-1967
-1557
-472
-1549
452
4278
7038
6282
4713
6870
5423
-1537
7831
4405
2371
1687
-1431
6598
7471
2647
4510
3948
1488
1733
-992
7580
-1795
7805
6735
6644
3956
5602
1084
6441
4259
5175
4091
6714
3149
-1974
-1039
-615
6896
6396
-241
2258
5044
2621
-1812
7762
7998
-1064
-1992
6239
159
5410
-412
195
6220
492
7014
896
981
7943
445
881
-522
4141
-938
-1513
6254
6686
7633
6001
-271
3473
7617
5842
-755
-1222
2806
5950
6497
-598
6386
753
1402
-153
5501
7400
1633
-1532
5283
2299
3241
-1522
512
578
6113
-1090
2952
4112
2207
4170
3360
7411
7599
6365
7251
-852
6816
-1745
2740
-234
6226
174
2112
7393
4757
1879
2287
4889
-1141
7440
4917
-641
-1211
1764
-1592
3230
5717
4745
1273
-221
3782
4767
1032
1547
7823
-159
5267
3597
-1544
5900
4185
-1366
-626
315
1826
5337
165
6590
1523
1219
6647
7272
4576
-892
3958
7786
-495
3159
4374
-294
2549
3975
-336
888
151
3263
1190
1275
2047
7647
-302
7654
-584
744
5922
2531
5744
6702
4649
7198
3451
6602
1200
5081
4295
1435
2489
1400
6304
6421
987
1738
1402
5930
1132
7940
4721
5161
1951
1760
4165
416
-1373
5425
3
50
6596
1965
5725
5053
-1048
5175
-501
6900
-1687
4436
1186
-1550
4273
2991
5584
424
7771
5387
-1451
6353
1484
5661
4800
-449
586
6675
-1876
21
743
4855
541
5291
2366
194
4041
724
7818
2110
5171
3959
7538
-138
4415
1233
5059
-797
3866
-1686
6906
7774
-309
7027
-344
5488
1991
4228
2968
567
2192
2238
7710
4369
4905
764
7509
3071
5775
4985
-1038
7947
-833
2270
4525
3918
6374
-1984
1001
-1304
2329
7898
1643
4600
1630
-1530
246
984
6480
3844
3993
177
6295
-1788
7581
2768
4100
7810
50
2756
6914
856
7056
6432
3513
127
-930
3980
1606
712
-225
7608
959
6351
4303
5310
6779
51
5929
347
-1299
7928
2256
1462
5860
3399
2210
7617
209
2857
-1921
1076
736
5
3217
3058
7472
211
-568
2380
5703
-1006
4766
1442
-1055
7240
3752
5248
431
2362
1234
-1122
1564
-1333
6962
7161
5765
5310
6661
6306
5764
1977
3747
2953
-489
-350
4152
5986
3072
-1823
635
1815
2812
3183
7322
2220
984
7540
1117
-691
6685
6337
-1325
695
351
3535
1116
4385
6369
7099
3941
5745
4987
-291
7250
7299
1168